CPU_TOTAL = [0.00794, 0.04104, 0.18197, 0.7724, 2.88939, 11.5324]
CPU_ENERGY = [0.00597, 0.0311, 0.13579, 0.57853, 2.16934, 8.54853]
CPU_SEAM = [0.00187, 0.00979, 0.04589, 0.19318, 0.71769, 2.97488]
CL_CPU_TOTAL = [0.00452, 0.00848, 0.01681, 0.03776, 0.08447, 0.18453]
CL_CPU_ENERGY = [0.00026, 0.00034, 0.00065, 0.00211, 0.00842, 0.02899]
CL_CPU_SEAM = [0.00417, 0.00803, 0.01591, 0.03492, 0.07326, 0.14629]
CL_GPU_TOTAL = [0.0047, 0.0085, 0.01675, 0.03785, 0.08453, 0.18458]
CL_GPU_ENERGY = [0.00024, 0.00034, 0.00066, 0.00203, 0.00857, 0.02925]
CL_GPU_SEAM = [0.00436, 0.00805, 0.01585, 0.03502, 0.07327, 0.14621]
